GO:0008092	GO:0008092	0.9787785445007626	adj.pvalue=4.2443E-4
GO:0019904	GO:0019904	0.7100175110251719	adj.pvalue=5.7996E-3
GO:0003779	GO:0003779	0.7100175110251719	adj.pvalue=5.7996E-3

