GO:0008289	GO:0008289	0.9758437651226022	adj.pvalue=2.4156E-4
GO:0019899	GO:0019899	0.883265814277759	adj.pvalue=1.1673E-3
GO:0016791	GO:0016791	0.7182790307808207	adj.pvalue=2.8172E-3
GO:0008047	GO:0008047	0.5277874948087313	adj.pvalue=4.7221E-3

